3,2
3,1
3,3
10,167
10,187
10,139
10,249
10,75
10,145
10,137
10,181
11,27
11,13
11,11
9,5
8,8
8,9
8,6
8,11
8,15
8,2
8,3
28,3
28,2
28,1
27,3
27,1
26,3
26,1
25,3
25,1
24,3
24,1
21,3
21,2
21,1
21,0
20,3
20,2
20,1
19,3
19,2
19,1
12,3
12,2
12,1
11,29
11,26
11,25
11,24
11,22
11,21
11,20
11,19
11,18
11,17
11,16
11,15
11,14
11,12
11,10
11,9
11,8
11,7
11,6
11,5
11,4
11,3
11,2
11,1
10,307
10,296
10,293
10,281
10,280
10,278
18,1
10,274
18,3
10,261
10,240
10,238
14,1
10,236
14,3
10,222
13,1
10,213
13,3
10,201
10,199
